220
983
339
152
388
213
344
648
413
704
716
300
197
254
437
75
367
547
677
509
174
452
145
662
224
456
393
984
609
615
854
2
368
911
594
375
118
459
476
531
425
974
342
271
581
36
501
846
663
428
664
881
171
755
241
721
259
423
590
14
758
513
770
707
730
156
843
83
272
631
503
757
431
4
119
810
995
160
243
711
857
320
660
43
587
775
739
13
57
216
99
814
620
361
883
592
907
432
438
748
37
702
147
474
391
610
326
232
842
797
24
376
383
277
894
727
951
47
578
479
683
607
445
510
910
176
270
436
603
777
316
565
358
30
312
477
646
201
576
633
266
641
187
92
892
568
293
466
405
79
439
44
308
482
535
325
690
766
508
490
862
543
93
520
644
69
206
161
573
263
706
101
914
574
377
839
94
799
487
932
913
998
976
828
15
121
114
294
181
494
611
292
604
51
909
157
208
764
434
420
186
252
649
924
260
801
85
570
20
579
746
286
313
544
870
209
104
304
95
244
779
472
507
541
70
667
699
31
253
957
853
59
72
46
754
184
919
793
217
314
103
125
204
630
281
381
332
771
67
608
128
542
236
963
282
378
462
737
790
871
318
946
999
229
928
640
628
406
965
343
348
62
692
225
996
324
844
469
403
767
131
626
988
694
159
435
42
242
25
765
364
473
471
735
942
355
960
230
180
273
780
453
697
831
302
86
901
823
226
90
372
903
880
346
173
571
29
938
32
389
352
134
659
987
798
675
613
19
269
349
986
954
135
373
441
829
990
460
410
816
774
11
941
120
536
189
890
577
221
150
52
651
212
855
864
235
804
521
997
717
826
943
899
786
792
205
858
638
76
783
321
618
257
417
261
539
556
817
791
506
122
179
315
622
240
426
562
249
470
673
475
835
822
625
395
929
958
7
168
495
981
898
679
337
756
537
840
968
666
904
813
695
800
784
335
614
896
328
143
696
689
930
653
138
819
78
627
73
560
865
89
124
665
465
404
802
886
511
975
874
962
18
126
734
668
88
847
392
795
918
483
233
215
652
41
167
970
430
356
566
554
580
937
87
629
323
598
12
830
684
575
65
63
935
900
553
480
725
732
980
274
106
248
685
718
285
127
867
303
419
861
22
268
680
548
549
185
705
719
516
317
647
676
708
400
151
773
26
111
762
442
245
545
415
619
191
366
141
552
380
992
183
636
602
733
686
258
463
447
944
60
623
812
202
891
330
363
722
850
498
295
265
787
298
808
540
427
351
751
464
670
661
518
933
658
940
525
279
616
964
113
97
851
860
497
635
750
283
123
621
534
66
468
195
674
345
398
3
193
289
251
194
985
563
895
493
132
557
879
40
310
287
307
411
921
657
966
334
593
693
284
949
449
387
130
107
624
28
35
825
546
109
23
752
396
931
196
728
108
481
691
567
972
223
906
973
882
214
350
200
278
370
58
682
656
203
927
48
849
10
584
360
522
529
961
836
137
515
713
207
407
599
412
763
600
760
172
49
211
715
687
178
416
979
299
401
838
199
198
738
569
834
74
818
45
555
329
238
519
1
530
781
815
778
925
897
741
821
827
146
872
385
297
952
859
809
357
782
353
247
868
116
347
806
33
485
889
96
832
237
408
311
61
967
551
336
934
165
912
605
939
153
922
489
228
601
833
262
267
98
597
747
144
239
517
701
709
322
634
486
523
643
582
789
219
163
227
888
458
512
589
720
811
139
188
64
444
331
362
117
710
852
873
21
527
953
394
27
288
729
105
745
561
84
878
397
309
488
768
102
115
246
291
742
989
384
374
450
433
77
740
971
785
654
837
945
409
218
386
820
948
726
169
457
612
424
749
863
606
399
359
514
234
700
166
154
296
505
524
418
149
572
538
276
170
369
982
877
306
155
558
926
365
805
994
9
461
80
959
451
91
950
978
491
71
788
744
327
559
231
588
338
893
650
936
669
390
440
148
56
6
848
446
703
845
591
977
82
429
639
887
947
564
678
68
585
478
443
885
38
354
371
796
190
856
39
672
698
305
743
956
736
532
526
993
162
414
550
402
5
731
110
319
100
210
133
681
723
991
884
255
136
776
8
915
528
301
807
484
467
177
617
496
175
81
53
769
164
50
794
866
454
908
192
533
290
714
502
264
803
55
112
917
875
688
222
923
182
17
54
504
340
869
455
920
158
256
422
142
250
275
772
595
916
712
448
499
379
280
16
753
140
129
761
586
841
341
642
655
500
382
724
955
34
824
902
596
583
492
905
969
632
759
421
637
333
671
876
645
